 0   0   0   0
 0   1   1   0
 0   2   2   0
 0   3   3   0
 0   4   4   0
 0   5   5   0
 0   6   6   0
 0   7   0   1
 0   8   1   1
 0   9   2   1
 0  10   3   1
 0  11   4   1
 0  12   5   1
 0  13   6   1
 0  14   0   2
 0  15   1   2
 0  16   2   2
 0  17   3   2
 0  18   4   2
 0  19   5   2
 0  20   6   2
 0  21   0   3
 0  22   1   3
 0  23   2   3
 0  24   3   3
 0  25   4   3
 0  26   5   3
 0  27   6   3
 0  28   0   4
 0  29   1   4
 0  30   2   4
 0  31   3   4
 0  32   4   4
 0  33   5   4
 0  34   6   4
 0  35   0   5
 0  36   1   5
 0  37   2   5
 0  38   3   5
 0  39   4   5
 0  40   5   5
 0  41   6   5
 0  42   0   6
 0  43   1   6
 0  44   2   6
 0  45   3   6
 0  46   4   6
 0  47   5   6
 0  48   6   6
 0  49   5  10
 0  50   6  10
 0  51   7  10
 0  52   8  10
 0  53   9  10
 0  54  10  10
 0  55  10   9
 0  56  10   8
 0  57  10   7
 0  58  10   6
 0  59  10   5
 0  60  10   4
 0  61   9   4
 0  62   8   4
 0  63   7   4
 1   0   9   2
 1   1  10   2
 1   2  11   2
 1   3  12   2
 1   4  12   3
 1   5  12   4
 1   6  12   5
 1   7  12   6
 1   8  12   7
 1   9  12   8
 1  10  12   9
 1  11  12  10
 1  12  12  11
 1  13  12  12
 1  14  11  12
 1  15  10  12
 1  16   9  12
 1  17   8  12
 1  18   7  12
 1  19   6  12
 1  20   5  12
 1  21   4  12
 1  22   3  12
 1  23   3  11
 1  24   3  10
 1  25   3   9
 1  26   3   8
 1  27   3   7
 1  28   3   6
 1  29   3   5
 1  30   3   4
 1  31   3   3
 1  32   4   3
 1  33   5   3
 1  34   6   3
 1  35   7   3
 1  36   8   3
 1  37   9   3
 1  38  10   3
 1  39  11   3
 1  40  11   4
 1  41  11   5
 1  42  11   6
 1  43  11   7
 1  44  11   8
 1  45  11   9
 1  46  11  10
 1  47  11  11
 1  48  10  11
 1  49   9  11
 1  50   8  11
 1  51   7  11
 1  52   6  11
 1  53   5  11
 1  54   4  11
 1  55   4  10
 1  56   4   9
 1  57   4   8
 1  58   4   7
 1  59   4   6
 1  60   4   5
 1  61   4   4
 1  62   5   4
 1  63   6   4
 2   0   1  12
 2   1   1  11
 2   2   1  10
 2   3   1   9
 2   4   1   8
 2   5   1   7
 2   6   1   6
 2   7   1   5
 2   8   1   4
 2   9   1   3
 2  10   1   2
 2  11   1   1
 2  12   2   1
 2  13   3   1
 2  14   4   1
 2  15   5   1
 2  16   6   1
 2  17   7   1
 2  18   8   1
 2  19   9   1
 2  20  10   1
 2  21  11   1
 2  22  12   1
 2  23  13   1
 2  24  13   2
 2  25  13   3
 2  26  13   4
 2  27  13   5
 2  28  13   6
 2  29  13   7
 2  30  13   8
 2  31  13   9
 2  32  13  10
 2  33  13  11
 2  34  13  12
 2  35  13  13
 2  36  12  13
 2  37  11  13
 2  38  10  13
 2  39   9  13
 2  40   8  13
 2  41   7  13
 2  42   6  13
 2  43   5  13
 2  44   4  13
 2  45   3  13
 2  46   2  13
 2  47   2  12
 2  48   2  11
 2  49   2  10
 2  50   2   9
 2  51   2   8
 2  52   2   7
 2  53   2   6
 2  54   2   5
 2  55   2   4
 2  56   2   3
 2  57   2   2
 2  58   3   2
 2  59   4   2
 2  60   5   2
 2  61   6   2
 2  62   7   2
 2  63   8   2
